2 3.361666707254093e-05
5 5.091666662337957e-05
10 3.8550000075095646e-05
12 3.9466667052086755e-05
15 4.365000010390455e-05
20 7.10333336731613e-05
30 5.376666619364793e-05
40 6.135000088155114e-05
45 0.00014683333332262313
50 0.00014403333352674963
55 0.00014723333333677147
60 0.00015331666660737633
75 9.618333357745239e-05
100 0.00012125000012019882
125 0.00015749999965919415
160 0.00022018333311280003
200 0.0002996833333478814
250 0.0005974833332705506
300 0.0011280833335452674
350 0.0010168999997404171
500 0.0036431666667340323
600 0.004771516666248014
800 0.010524116666298747
1000 0.01873031666643025
2000 0.16484226666640703
5000 1.348489683333355
10000 11.552813366666365
