2 0.001018900000000637
5 0.0003275666666648173
10 0.00035236666666567845
12 0.00034608333333589297
15 0.0003788666666674582
20 0.0003972333333355967
30 0.00032626666666383625
40 0.0005404833333339335
45 0.0003989666666655012
50 0.0002641666666676201
55 0.00038921666666169585
60 0.0001687833333363642
75 0.00014691666666758843
100 0.00022018333333306828
125 0.00034291666666537896
160 0.0005240499999980367
200 0.0005443666666640942
250 0.0007678000000007993
300 0.0015977833333309377
350 0.0016453000000022182
500 0.004987266666669636
600 0.008230350000000422
800 0.014688183333333882
1000 0.031140983333334777
2000 0.20242593333333284
5000 2.043575466666669
10000 12.245771183333309
