2 3.0266667333004687e-05
5 4.291666694674253e-05
10 3.4716666959866416e-05
12 3.7366666826225505e-05
15 3.6283334035639804e-05
20 5.4200000098110955e-05
30 5.2800000048591755e-05
40 5.4416666292430214e-05
45 0.00010801666667248355
50 0.00014651666667001942
55 0.00013333333360302882
60 0.00014650000017960943
75 8.829999963685016e-05
100 0.0001156999999996818
125 0.00015383333296388932
160 0.00019786666598520242
200 0.0002543333333354288
250 0.0005518166663023294
300 0.0009406833329800671
350 0.001037033332977444
500 0.00404528333365306
600 0.004419366666600884
800 0.009937349999745493
1000 0.017246999999467032
2000 0.17706855000020974
5000 1.4580809999994624
10000 11.479792883333175
