2 1.4383333412600527e-05
5 2.1800000164754845e-05
10 1.7733333152136765e-05
12 1.896666708489647e-05
15 1.9983333307512414e-05
20 3.3750000208480437e-05
30 3.9249999948272794e-05
40 3.869999939828025e-05
45 8.155000008021791e-05
50 0.0001006499996947241
55 0.00010279999999814511
60 0.00011366666664495521
75 7.991666643647477e-05
100 0.00011386666695519428
125 0.0001665500003582565
160 0.00022250000013931034
200 0.0002959499997814419
250 0.0006301999998565103
300 0.001532499999787736
350 0.0018182333330211502
500 0.005806533332967471
600 0.006275916666406071
800 0.01406796666651644
1000 0.02089021666658179
2000 0.1423024666667819
5000 1.568430033333243
10000 15.621178283333393
