2 3.0716666515218094e-05
5 4.7866666136542335e-05
10 3.594999967996652e-05
12 3.698333299932225e-05
15 3.7583333930039466e-05
20 5.80000002325202e-05
30 5.336666678582939e-05
40 5.5983333671368506e-05
45 0.0001077833333814245
50 0.00013841666653509796
55 0.00013501666641483703
60 0.000144199999946674
75 8.779999977074719e-05
100 0.00011460000011235631
125 0.00015769999966626833
160 0.00021005000022948175
200 0.00025843333272253705
250 0.0005549166665635615
300 0.000957366666928768
350 0.0009419833331776317
500 0.0038001500000367137
600 0.0045702166665554005
800 0.010864316666508481
1000 0.017522433333700366
2000 0.16503320000022845
5000 1.3425955833333016
10000 11.50483424999978
