2 0.0015183499999977812
5 0.0001240833333350603
10 0.0010416500000000422
12 0.00014888333333118453
15 0.0009302333333328269
20 0.000955166666666211
30 0.0007940833333369331
40 0.010711633333331841
45 0.00043345000000035344
50 0.0003550500000055005
55 0.0003811500000002373
60 0.00021399999999734595
75 0.00021540000000423257
100 0.00041113333333224017
125 0.0006307833333375849
160 0.001086650000000115
200 0.0010289499999961056
250 0.0021608833333364905
300 0.004028883333335879
350 0.005983566666661962
500 0.01727263333332966
600 0.02354938333333223
800 0.05211806666666755
1000 0.09658459999999991
2000 0.519801166666665
5000 5.708442283333338
10000 43.11962726666666
