2 2.6139999988572526e-05
5 4.9709999996139234e-05
10 3.978999998821564e-05
12 4.874000001677814e-05
15 5.6189999986600016e-05
20 5.2099999993515664e-05
30 0.0001323199999944791
40 7.528000001570945e-05
45 0.00011344000000121924
50 0.00018494999999916218
55 0.0001988900000128524
60 0.00012376999999332838
75 0.00015051999999400324
100 0.00025664000000347187
125 0.0003623200000106408
160 0.0004528100000129598
200 0.0010434099999940827
250 0.0025972999999908097
350 0.004757359999996424
500 0.01631482000000233
600 0.020085759999994936
1000 0.08269626999998536
2000 0.5065043699999989
5000 5.927811199999996
10000 43.90147219000001
