2 1.7569999982924855e-05
5 2.080999998952393e-05
10 2.8930000007676425e-05
12 2.1789999988186536e-05
15 2.3440000006758055e-05
20 3.0410000016445336e-05
30 5.273999998962608e-05
40 4.1629999998349376e-05
45 4.868999999985135e-05
50 0.00011826000000496606
55 0.00013138999997295287
60 6.6550000008192e-05
75 0.0001281999999889649
100 0.00012153000000694191
125 0.00018265999999584893
160 0.00024265000000696092
200 0.0005173200000058387
250 0.0009922500000016043
350 0.0014016899999887756
500 0.0062206300000013925
600 0.006331390000008241
1000 0.025141460000003234
2000 0.15878324999999904
5000 1.643622089999991
10000 12.237604590000023
